0.012
0.005
0.006
0.013
0.009
0.006
0.011
0.006
0.008
0.012
0.012
0.007
0.007
0.005
0.009
0.006
0.006
0.013
0.011
0.012
0.005
0.012
0.015
0.007
0.005
0.009
0.007
0.005
0.008
0.008
0.014
0.008
0.006
0.013
0.014
0.015
0.015
0.012
0.011
0.011
0.006
0.009
0.01
0.012
0.012
0.011
0.008
0.013
0.005
0.012
0.006
0.014
0.007
0.009
0.011
0.005
0.012
0.011
0.011
0.007
0.053
0.05
0.048
0.04
0.04
0.014
0.01
0.012
0.007
0.007
0.012
0.008
0.01
0.011
0.009
-0.058
-0.051
-0.052
-0.05
-0.06
0.008
0.015
0.014
0.006
0.006
0.015
0.011
0.012
0.012
0.009
0.051
0.05
0.05
0.045
0.048
0.015
0.01
0.008
0.009
0.011
0.005
0.009
0.013
0.011
0.005
-0.057
-0.057
-0.051
-0.054
-0.05
0.012
0.007
0.011
0.011
0.01
0.012
0.015
0.008
0.014
0.005
-0.03
-0.026
-0.026
-0.026
-0.022
-0.024
-0.025
-0.022
-0.022
-0.022
0.03
0.021
0.02
0.05
0.046
0.072
0.074
0.076
0.071
0.072
-0.02
-0.035
0.011
0.008
0.008
0.011
0.015
0.012
0.005
0.014
0.014
0.007
0.008
0.011
0.011
0.013
0.012
0.014
0.012
0.052
0.053
0.045
0.047
0.042
0.009
0.006
0.012
0.009
0.014
-0.034
-0.031
-0.035
-0.038
-0.032
-0.035
0.011
0.01
0.007
0.015
0.015