9.9
10
10
10
10
10
10
9.9
10
10
9.6
9.1
8.8
8.4
7.9
7.2
6.5
5.3
4.4
3.4
1.7
1.3
1.1
1
1.1
1.1
1
1.1
1.3
1.8
2.6
4.1
5.3
5.9
7.1
8
8.5
9
9.1
9.8
10
9.9
9.9
10
9.9
10
10
10
9.3
9
8.5
8
7.3
6.2
5.1
3.6
3.3
2
1.2
1
1.2
1.2
1
1
1.4
1.8
2.8
4.1
5.1
5.5
6.5
7.7
8.5
8.9
9
9.8
10
9.9
9.9
10
10
9.9
9.8
9.8
9.3
8.9
8.5
7.5
7.4
5.5
4.6
4.4
3
2
1.5
1
1.1
1.2
1.2
1.2
1.1
2.1
3.3
3.6
5.4
6.3
7.3
7.9
8.5
8.8
9.5
9.5
9.8
9.8
9.8
9.9
9.9
9.9
9.9
9.5
9.2
8.7
8
8
7.3
5.5
5
4
3.1
1.5
1.5
1.1
1.1
1
1.1
1
1.2
2.2
3.4
3.7
5.2
5.5
7.1
7.8
8
8.8
9.3
9.7
10
9.8
9.8
9.8
10
9.9
10
9.9
9.4
8.7
8.3
7.7
6.8
5.7
4.8
3.6
2.5
1.5
1.5
1.1
1.1
1
1
1
1
1.1
1.2
1
1.1
1
1.1
1.1