100
99
99
100
99
99
99
100
99
99
90
92
90
95
92
94
91
94
90
90
80
83
80
85
84
82
85
85
81
82
83
83
83
82
84
82
85
82
85
82
84
85
85
81
85
82
82
84
82
81
75
74
72
74
71
70
70
72
70
74
74
71
72
74
72
73
73
71
70
73
68
64
57
53
50
44
48
42
49
49
46
47
45
45
46
42
44
40
43
42
46
47
49
48
48
48
44
44
50
42
44
48
50
45
40
42
41
49
40
42
38
38
40
36
36
39
36
35
35
37
33
35
25
28
28
22
24
23
22
23
20
16
17
17
18
20
19
15
20
19
16
17
16
16
17
17
16
15
19
16
10
10
15
10
13
11
10
13
12
12
17
18
21
23
24
25
33
40
46
53
60
61
63
61
60
60
60
61
62
65