41
43
48
37
50
34
47
31
37
37
35
31
45
49
40
203
40
42
39
34
34
42
35
43
48
40
48
34
40
31
32
240
49
30
46
48
31
43
44
48
34
47
48
46
49
42
38
250
248
50
31
45
33
43
46
30
31
33
34
36
33
34
241
240
47
36
36
42
33
39
44
44
37
43
32
44
36
288
283
286
50
32
41
48
43
45
48
41
35
50
49
287
280
281
44
45
40
42
47
43
40
40
50
41
41
319
320
311
44
45
41
33
32
36
36
35
30
317
311
310
45
48
36
41
44
30
43
45
50
306
304
314
34
42
43
47
43
33
49
38
32
315
301
310
46
41
49
47
30
48
40
41
42
339
332
339
332
31
45
48
47
48
34
349
347
342
340
369
31
41
44
33
34
362
369
377
372
372
46
41