2
2
2
25
65
67
85
88
85
85
70
63
33
0
5
5
4
5
5
3
3
1
2
26
62
74
90
88
84
85
79
47
28
2
0
0
0
0
4
0
3
3
0
42
51
76
84
80
89
88
79
59
31
5
2
0
1
1
1
2
1
0
2
39
58
66
84
81
90
84
81
57
33
5
2
5
0
0
0
2
3
3
4
31
54
77
90
82
89
88
85
65
42
5
2
0
0
5
1
3
1
0
2
30
45
83
94
90
93
85
65
61
30
5
3
1
1
3
1
4
2
2
0
36
61
67
96
102
98
94
80
63
32
0
3
5
4
2
2
1
0
4
5
31
60
87
102
100
110
114
68
48
34
0
4
3
3
4
2
4
1
5
4
37
54
81
87
88
81
89
82
60
41
2
2
1
3
2
5
1