7
9
9
10
7
5
8
5
10
6
9
6
10
5
8
9
9
9
6
8
10
12
18
15
16
16
17
19
19
17
22
24
26
28
28
27
26
30
30
26
31
34
36
38
42
42
44
43
44
41
43
43
41
42
42
42
41
44
40
41
47
45
47
49
54
52
54
58
58
60
55
55
63
63
56
64
64
61
64
58
60
55
64
64
59
60
64
61
57
57
55
56
52
50
49
47
43
41
34
30
24
24
20
18
19
18
18
15
15
17
16
17
19
16
15
15
19
18
19
15
24
25
25
26
34
31
39
40
41
42
46
48
50
53
59
55
60
57
59
65
58
57
63
55
57
60
55
58
59
60
58
57
65
55
60
55
59
56
63
61
53
53
45
48
40
42
36
40
35
30
33
30
31
33
30
32
31
31
31
33