33.1
33
33.5
34
33.8
33.7
34
33.5
33.7
33
33.3
33.1
33.4
34
33.8
34
33.4
33.4
33.4
33.3
33.5
33.6
33.3
33.8
33.6
33.1
33.8
33.3
33.7
33.6
34.5
35
34.3
34.3
34.7
35.7
35.4
35.6
35.2
36.3
36
36.1
36.4
36
36.5
37
37.5
37.2
37.1
37.3
38.6
38.9
38.9
38.8
38.7
39
40.7
39.3
40.8
41.7
41.5
42
41.7
43.3
43.6
44
43.8
45.8
44.1
44
44.2
44.2
45.8
45.2
45.5
44.3
45.7
45.3
45.4
45.1
43.9
43
43.4
43
42
42.1
42.3
41.8
41
41
40
40.9
40.7
39.8
39.3
40
37.6
38.6
37
35.3
35
36.8
35.6
36.3
35.8
35.6
35.8
34.6
34.2
34.7
34.4
34.1
34.7
34.4
34.1
33.9
34.2
33.9
34.6
33.1
33.5
34
34
33.8
33.1
32.4
32.1
33.5
32.9
32.5
32.6
32.7
33.5
32.6
32.9
36.7
36.3
34.7
34.9
34.9
39.9
39.2
39.3
37.3
37
40.8
39
40.4
39.5
40.4
41.6
40.6
40
41.7
40.2
40.4
40.5
41.1
40.2
40.5
42.9
43.2
43.4
43.1
42.8
45.8
45.9
46
46
45.5
45
45.9
45.5
45.3
46.3
46.5
46
46.5
46
47