21.7
21.2
22
21.5
21.3
21.8
22
21.2
21.8
21.7
21.9
21.9
21.4
21.2
21.7
21.5
21.4
22
21.9
21.3
21.5
21.5
21.4
21.9
21.4
21.1
21.8
22
21.3
21.4
23.9
23.5
22.6
23.6
22.9
22
23.1
22.5
23.9
22.6
28.3
26.7
28.7
26.3
27.4
27.4
28.9
27
27.9
27.6
31.8
31.8
31.5
31.6
31
31.8
31.9
31.6
31.5
31.2
36.9
36.1
36.2
37
36.1
36.6
36.1
36.3
36.8
36.1
36.4
36.2
36.2
36.8
36.9
36.6
36.8
36.3
36.1
36.6
27.2
27.8
28
27.4
27
27
27.8
28
27.5
27.4
27.3
27
27.3
27.3
27.5
27.8
27.9
27.4
27
27.7
35.9
35.8
35.6
40.6
40.8
40.8
40.2
41
40.8
40.5
40.5
40.7
40.2
40.1
40.8
40.4
40.6
40.6
40.8
40.4
35.6
35.3
33.9
33
31
30.6
28.8
29
28.6
28.1
28.8
27.1
27.8
28.7
27
28.5
27.4
28.2
28.2
28.6
33
33.4
36.4
36.9
45.8
45.4
45
45.2
45.2
45.3
35
35.9
31.4
32
29.8
29.6
29.9
29.2
29.5
36.1
44
43
52.3
61.6
62.5
61.8
61.2
62.9
61.4
63.1
63
62.7
62.9
62.3
52.7
43.5
37.3
29.8
22.1
23.1